clcomp point 09h18m05.8s -12d05m44s sampled 24 171.014 165.115 170.039 166.395 168.918 167.675 170.873 168.955 169.33 170.235 169.035 171.515 169.75 172.795 169.222 174.075 167.11 175.355 169.592 176.635 168.01 177.915 166.99 179.195 168.323 180.475 168.088 181.755 166.674 183.035 167.845 184.315 166.199 185.595 164.574 186.875 167.005 188.155 166.1 189.435 164.742 190.715 166.415 191.995 165.756 193.275 164.428 194.555
clcomp point 09h18m04.5s -12d06m02s sampled 24 15.5703 165.115 15.2992 166.395 15.047 167.675 15.5214 168.955 15.231 170.235 15.1316 171.515 15.3968 172.795 15.2071 174.075 14.8343 175.355 15.4748 176.635 15.162 177.915 14.9965 179.195 15.3944 180.475 15.277 181.755 14.9742 183.035 15.3062 184.315 15.0755 185.595 14.7651 186.875 15.3447 188.155 15.0346 189.435 14.8452 190.715 15.3102 191.995 15.0203 193.275 14.8108 194.555
clcomp point 09h18m07.0s -12d04m50s sampled 24 6.40865 165.115 6.52048 166.395 6.58707 167.675 6.5156 168.955 6.49978 170.235 6.50482 171.515 6.37477 172.795 6.46698 174.075 6.47463 175.355 6.33757 176.635 6.38117 177.915 6.39806 179.195 6.24926 180.475 6.29933 181.755 6.30329 183.035 6.22455 184.315 6.16541 185.595 6.19956 186.875 6.16291 188.155 6.209 189.435 6.17617 190.715 6.09582 191.995 6.17218 193.275 6.19432 194.555
clcomp point 09h18m04.5s -12d06m20s sampled 24 6.83417 165.115 6.65168 166.395 6.48605 167.675 6.8586 168.955 6.66788 170.235 6.64495 171.515 6.88348 172.795 6.73375 174.075 6.51243 175.355 7.00474 176.635 6.77124 177.915 6.68458 179.195 7.00946 180.475 6.91984 181.755 6.74426 183.035 7.03254 184.315 6.90406 185.595 6.70405 186.875 7.13571 188.155 6.90293 189.435 6.79196 190.715 7.15852 191.995 6.9329 193.275 6.82825 194.555
clcomp point 09h18m08.2s -12d04m14s sampled 24 12.9457 165.115 13.3826 166.395 13.7824 167.675 13.5175 168.955 13.5043 170.235 13.4699 171.515 12.9108 172.795 13.2306 174.075 13.5749 175.355 12.7892 176.635 13.2112 177.915 13.2821 179.195 12.6884 180.475 12.8208 181.755 12.8998 183.035 12.5186 184.315 12.3443 185.595 12.599 186.875 12.5267 188.155 12.6089 189.435 12.6073 190.715 12.2988 191.995 12.4962 193.275 12.6538 194.555
clcomp point 09h18m04.5s -12d06m38s sampled 24 14.1382 165.115 13.7147 166.395 13.3182 167.675 14.2431 168.955 13.7531 170.235 13.6572 171.515 14.2696 172.795 13.9311 174.075 13.3872 175.355 14.4788 176.635 14.0023 177.915 13.8584 179.195 14.6506 180.475 14.4315 181.755 13.9834 183.035 14.5639 184.315 14.3029 185.595 13.8459 186.875 14.8862 188.155 14.3889 189.435 14.1406 190.715 15.0353 191.995 14.5193 193.275 14.3357 194.555
clcomp point 09h18m07.0s -12d04m14s sampled 24 4.72344 165.115 4.86858 166.395 4.96691 167.675 4.85636 168.955 4.85675 170.235 4.85624 171.515 4.69836 172.795 4.79342 174.075 4.83936 175.355 4.67725 176.635 4.77679 177.915 4.80271 179.195 4.6226 180.475 4.67407 181.755 4.67214 183.035 4.59305 184.315 4.54157 185.595 4.61216 186.875 4.57125 188.155 4.60648 189.435 4.56551 190.715 4.49197 191.995 4.56155 193.275 4.56183 194.555
clcomp point 09h18m03.3s -12d06m38s sampled 24 4.26933 165.115 4.09735 166.395 3.96293 167.675 4.26225 168.955 4.10008 170.235 4.02516 171.515 4.20955 172.795 4.08878 174.075 3.89842 175.355 4.29154 176.635 4.13149 177.915 4.07261 179.195 4.34139 180.475 4.25413 181.755 4.0816 183.035 4.26366 184.315 4.16723 185.595 4.00869 186.875 4.36259 188.155 4.1799 189.435 4.10393 190.715 4.41611 191.995 4.19239 193.275 4.11722 194.555
clcomp point 09h18m03.3s -12d06m56s sampled 24 14.8387 165.115 14.0697 166.395 13.4573 167.675 15.0318 168.955 14.1304 170.235 13.7598 171.515 14.6954 172.795 14.1193 174.075 13.1743 175.355 15.1431 176.635 14.3148 177.915 14.1454 179.195 15.5025 180.475 15.0027 181.755 14.1046 183.035 14.9929 184.315 14.5722 185.595 13.7939 186.875 15.6244 188.155 14.6779 189.435 14.325 190.715 15.9725 191.995 14.7407 193.275 14.5484 194.555
clcomp point 09h18m07.0s -12d03m20s sampled 24 6.39552 165.115 6.67895 166.395 6.8674 167.675 6.67321 168.955 6.62018 170.235 6.53335 171.515 6.28056 172.795 6.36896 174.075 6.46543 175.355 6.29847 176.635 6.55352 177.915 6.48109 179.195 6.2587 180.475 6.28884 181.755 6.14296 183.035 6.11013 184.315 5.98208 185.595 6.09954 186.875 6.15629 188.155 6.15022 189.435 5.9298 190.715 5.93816 191.995 5.95249 193.275 5.77664 194.555
clcomp point 09h18m08.2s -12d04m50s sampled 24 2.46494 165.115 2.54844 166.395 2.6283 167.675 2.56735 168.955 2.6128 170.235 2.64891 171.515 2.55465 172.795 2.67005 174.075 2.74524 175.355 2.5505 176.635 2.63121 177.915 2.67914 179.195 2.56004 180.475 2.63693 181.755 2.70951 183.035 2.61004 184.315 2.60835 185.595 2.66817 186.875 2.60536 188.155 2.69839 189.435 2.74335 190.715 2.64151 191.995 2.73704 193.275 2.84701 194.555
clcomp point 09h18m07.0s -12d02m26s sampled 24 2.67522 165.115 2.78721 166.395 2.87657 167.675 2.83709 168.955 2.73901 170.235 2.61529 171.515 2.55234 172.795 2.54891 174.075 2.58113 175.355 2.59872 176.635 2.70267 177.915 2.55196 179.195 2.5619 180.475 2.53266 181.755 2.37691 183.035 2.43938 184.315 2.36166 185.595 2.35742 186.875 2.47319 188.155 2.45439 189.435 2.25993 190.715 2.323 191.995 2.29726 193.275 2.12214 194.555
clcomp point 09h18m08.2s -12d05m08s sampled 24 3.53724 165.115 3.66712 166.395 3.78114 167.675 3.68223 168.955 3.80375 170.235 3.90358 171.515 3.78788 172.795 4.01208 174.075 4.12178 175.355 3.81432 176.635 3.93766 177.915 4.0359 179.195 3.87156 180.475 4.03159 181.755 4.19898 183.035 4.02718 184.315 4.06444 185.595 4.16781 186.875 4.02215 188.155 4.25611 189.435 4.35051 190.715 4.17115 191.995 4.36636 193.275 4.59991 194.555
clcomp point 09h18m07.0s -12d02m08s sampled 24 4.44928 165.115 4.61452 166.395 4.78428 167.675 4.76004 168.955 4.53426 170.235 4.26022 171.515 4.19773 172.795 4.17611 174.075 4.22697 175.355 4.30784 176.635 4.47434 177.915 4.13075 179.195 4.22747 180.475 4.16212 181.755 3.84679 183.035 4.00893 184.315 3.86859 185.595 3.81404 186.875 4.06572 188.155 4.04184 189.435 3.653 190.715 3.78777 191.995 3.75575 193.275 3.40591 194.555
clcomp point 09h18m08.2s -12d05m26s sampled 24 2.44268 165.115 2.53511 166.395 2.60348 167.675 2.53409 168.955 2.66071 170.235 2.76622 171.515 2.71496 172.795 2.91107 174.075 2.97547 175.355 2.7643 176.635 2.85345 177.915 2.93311 179.195 2.84589 180.475 2.98617 181.755 3.15252 183.035 3.01054 184.315 3.07001 185.595 3.15418 186.875 3.00929 188.155 3.26464 189.435 3.33253 190.715 3.19625 191.995 3.37003 193.275 3.58047 194.555
clcomp point 09h18m05.8s -12d02m08s sampled 24 1.82316 165.115 1.89422 166.395 1.92924 167.675 1.87012 168.955 1.81613 170.235 1.68462 171.515 1.70642 172.795 1.69075 174.075 1.65966 175.355 1.76227 176.635 1.81591 177.915 1.67043 179.195 1.72385 180.475 1.73884 181.755 1.55898 183.035 1.67619 184.315 1.63776 185.595 1.57332 186.875 1.64663 188.155 1.65926 189.435 1.48061 190.715 1.53767 191.995 1.54911 193.275 1.41133 194.555
clcomp point 09h18m07.0s -12d01m50s sampled 24 1.69394 165.115 1.73964 166.395 1.82251 167.675 1.84025 168.955 1.71784 170.235 1.57841 171.515 1.57543 172.795 1.56328 174.075 1.58506 175.355 1.62875 176.635 1.6881 177.915 1.5118 179.195 1.58458 180.475 1.55371 181.755 1.41427 183.035 1.49793 184.315 1.43884 185.595 1.39595 186.875 1.51677 188.155 1.51685 189.435 1.34328 190.715 1.40171 191.995 1.40372 193.275 1.24832 194.555
clcomp point 09h18m10.7s -12d05m44s sampled 24 1.81215 165.115 1.85263 166.395 1.85639 167.675 1.85737 168.955 1.99893 170.235 1.93632 171.515 1.96845 172.795 2.139 174.075 2.18359 175.355 1.88117 176.635 2.00637 177.915 2.09541 179.195 2.13075 180.475 2.14498 181.755 2.298 183.035 1.91841 184.315 1.99899 185.595 2.04901 186.875 2.00208 188.155 2.32144 189.435 2.40725 190.715 2.27233 191.995 2.30591 193.275 2.7404 194.555
clcomp point 09h18m10.7s -12d01m50s sampled 24 4.10343 165.115 4.23828 166.395 5.00702 167.675 5.55755 168.955 4.66141 170.235 4.47716 171.515 3.91888 172.795 4.08775 174.075 4.65397 175.355 4.24416 176.635 4.91468 177.915 4.26823 179.195 4.52527 180.475 3.84292 181.755 3.82535 183.035 3.57839 184.315 3.64477 185.595 3.5905 186.875 3.7666 188.155 3.83659 189.435 3.59739 190.715 4.31774 191.995 3.56696 193.275 3.47998 194.555
clcomp point 09h18m04.5s -12d02m26s sampled 24 1.25158 165.115 1.31382 166.395 1.30204 167.675 1.21444 168.955 1.23858 170.235 1.16205 171.515 1.18759 172.795 1.18971 174.075 1.09251 175.355 1.25593 176.635 1.28751 177.915 1.21412 179.195 1.25791 180.475 1.3111 181.755 1.14244 183.035 1.24855 184.315 1.28214 185.595 1.19447 186.875 1.18776 188.155 1.2138 189.435 1.10835 190.715 1.17561 191.995 1.16441 193.275 1.12254 194.555
clcomp point 09h18m03.3s -12d07m14s sampled 24 1.09888 165.115 1.01732 166.395 0.960528 167.675 1.13135 168.955 1.01177 170.235 0.964703 171.515 1.05339 172.795 0.992551 174.075 0.888774 175.355 1.08355 176.635 0.990752 177.915 0.996497 179.195 1.13705 180.475 1.06995 181.755 0.961322 183.035 1.03945 184.315 0.999813 185.595 0.921685 186.875 1.11872 188.155 1.01182 189.435 0.981463 190.715 1.16499 191.995 1.0178 193.275 1.02276 194.555
clcomp point 09h18m03.3s -12d02m26s sampled 24 1.0264 165.115 1.07608 166.395 1.05753 167.675 0.992983 168.955 1.02844 170.235 0.955286 171.515 0.962209 172.795 0.983679 174.075 0.841209 175.355 1.05142 176.635 1.06285 177.915 0.999622 179.195 1.06803 180.475 1.12644 181.755 0.952668 183.035 1.03513 184.315 1.13345 185.595 0.993141 186.875 0.957146 188.155 0.983572 189.435 0.938314 190.715 1.00979 191.995 0.969645 193.275 0.99278 194.555
clcomp point 09h18m05.8s -12d05m08s sampled 24 -1.2855 165.115 2.1859 166.395 2.22738 167.675 2.08477 168.955 2.32434 170.235 2.79146 171.515 2.68487 172.795 2.94892 174.075 2.96698 175.355 3.12149 176.635 3.09567 177.915 3.27407 179.195 3.08605 180.475 3.38595 181.755 3.63842 183.035 3.9622 184.315 4.05822 185.595 4.20728 186.875 4.06473 188.155 4.19292 189.435 4.23516 190.715 4.21193 191.995 4.58368 193.275 4.5051 194.555
clcomp point 09h18m11.9s -12d05m26s sampled 24 1.95519 165.115 1.85038 166.395 1.88734 167.675 1.98528 168.955 2.1537 170.235 1.96897 171.515 1.98733 172.795 2.19927 174.075 2.36528 175.355 1.73328 176.635 1.98071 177.915 2.14552 179.195 2.17041 180.475 2.13033 181.755 2.26544 183.035 1.6858 184.315 1.82538 185.595 1.87459 186.875 2.01634 188.155 2.18092 189.435 2.45078 190.715 2.21062 191.995 2.16657 193.275 2.87349 194.555
clcomp point 09h18m03.3s -12d07m32s sampled 24 1.88054 165.115 1.71634 166.395 1.62956 167.675 1.95184 168.955 1.69106 170.235 1.58675 171.515 1.72854 172.795 1.63525 174.075 1.43238 175.355 1.74625 176.635 1.5794 177.915 1.63579 179.195 1.89319 180.475 1.75996 181.755 1.53383 183.035 1.63176 184.315 1.57254 185.595 1.44838 186.875 1.81271 188.155 1.61704 189.435 1.58953 190.715 1.92563 191.995 1.65597 193.275 1.70323 194.555
clcomp point 09h18m03.3s -12d02m08s sampled 24 2.28828 165.115 2.31226 166.395 2.24174 167.675 2.06774 168.955 2.16565 170.235 1.90573 171.515 1.99231 172.795 2.04048 174.075 1.67872 175.355 2.2013 176.635 2.22527 177.915 1.99313 179.195 2.21079 180.475 2.40394 181.755 1.8932 183.035 2.17677 184.315 2.40191 185.595 1.96931 186.875 1.92542 188.155 2.01721 189.435 1.85257 190.715 2.00387 191.995 1.98843 193.275 2.02749 194.555
clcomp point 09h18m08.2s -12d01m32s sampled 24 1.00928 165.115 1.01056 166.395 1.11003 167.675 1.18711 168.955 1.04472 170.235 0.95517 171.515 0.93867 172.795 0.941963 174.075 0.991675 175.355 0.97755 176.635 1.02353 177.915 0.872809 179.195 0.953126 180.475 0.907152 181.755 0.848661 183.035 0.881911 184.315 0.840429 185.595 0.825017 186.875 0.933591 188.155 0.937249 189.435 0.816581 190.715 0.868229 191.995 0.861437 193.275 0.749819 194.555
clcomp point 09h18m13.1s -12d03m20s sampled 24 0.613409 165.115 0.592113 166.395 0.730053 167.675 0.880509 168.955 0.731679 170.235 0.668706 171.515 0.511955 172.795 0.593002 174.075 0.790206 175.355 0.562661 176.635 0.810032 177.915 0.769255 179.195 0.756168 180.475 0.579864 181.755 0.612685 183.035 0.490766 184.315 0.554021 185.595 0.557872 186.875 0.626986 188.155 0.533967 189.435 0.679148 190.715 0.724686 191.995 0.599083 193.275 0.768509 194.555
clcomp point 09h18m03.3s -12d07m50s sampled 24 0.811912 165.115 0.727355 166.395 0.700614 167.675 0.851672 168.955 0.711907 170.235 0.655521 171.515 0.70509 172.795 0.679052 174.075 0.581687 175.355 0.696086 176.635 0.623522 177.915 0.673647 179.195 0.790878 180.475 0.730405 181.755 0.613028 183.035 0.632506 184.315 0.61506 185.595 0.574115 186.875 0.74036 188.155 0.651673 189.435 0.661647 190.715 0.80619 191.995 0.697451 193.275 0.734283 194.555
clcomp point 09h18m11.9s -12d06m02s sampled 24 1.49069 165.115 1.21046 166.395 1.08092 167.675 1.09761 168.955 1.23842 170.235 1.10769 171.515 1.27648 172.795 1.36003 174.075 1.2561 175.355 1.07964 176.635 1.15298 177.915 1.21814 179.195 1.43867 180.475 1.33637 181.755 1.53227 183.035 1.00939 184.315 1.10847 185.595 1.10904 186.875 1.19031 188.155 1.57682 189.435 1.53834 190.715 1.4858 191.995 1.42822 193.275 1.83736 194.555
clcomp point 09h18m04.5s -12d01m32s sampled 24 0.882439 165.115 0.847812 166.395 0.848743 167.675 0.800377 168.955 0.773983 170.235 0.628222 171.515 0.730897 172.795 0.712421 174.075 0.663581 175.355 0.77001 176.635 0.783464 177.915 0.634161 179.195 0.713517 180.475 0.777273 181.755 0.615247 183.035 0.764098 184.315 0.744905 185.595 0.619338 186.875 0.666689 188.155 0.713741 189.435 0.577628 190.715 0.590428 191.995 0.681241 193.275 0.596409 194.555
clcomp point 09h18m03.3s -12d08m08s sampled 24 1.47195 165.115 1.22226 166.395 1.19414 167.675 1.47667 168.955 1.18438 170.235 1.06759 171.515 1.12287 172.795 1.11608 174.075 0.936089 175.355 1.07925 176.635 0.975167 177.915 1.1068 179.195 1.30634 180.475 1.20462 181.755 0.964732 183.035 0.958974 184.315 0.946969 185.595 0.913539 186.875 1.21618 188.155 1.04986 189.435 1.12679 190.715 1.35611 191.995 1.19533 193.275 1.28397 194.555
clcomp point 09h18m14.4s -12d03m38s sampled 24 0.88952 165.115 0.767042 166.395 0.906493 167.675 1.13313 168.955 0.901249 170.235 0.738445 171.515 0.565124 172.795 0.726165 174.075 1.00523 175.355 0.621812 176.635 1.02953 177.915 1.05214 179.195 1.061 180.475 0.77202 181.755 0.787816 183.035 0.529893 184.315 0.706225 185.595 0.708272 186.875 0.869531 188.155 0.687254 189.435 1.07529 190.715 1.01998 191.995 0.85925 193.275 1.18768 194.555
clcomp point 09h18m04.5s -12d04m50s sampled 24 0.506029 165.115 0.216055 166.395 0.175381 167.675 0.181143 168.955 0.214918 170.235 0.257372 171.515 0.260107 172.795 0.280448 174.075 0.24158 175.355 0.357234 176.635 0.328296 177.915 0.334894 179.195 0.338532 180.475 0.370918 181.755 0.385927 183.035 0.446608 184.315 0.464522 185.595 0.466983 186.875 0.442972 188.155 0.427799 189.435 0.441554 190.715 0.467432 191.995 0.480071 193.275 0.487934 194.555
clcomp point 09h18m09.4s -12d01m14s sampled 24 0.6301 165.115 0.631763 166.395 0.767773 167.675 0.863576 168.955 0.702516 170.235 0.661615 171.515 0.619062 172.795 0.639127 174.075 0.713637 175.355 0.651799 176.635 0.706654 177.915 0.581772 179.195 0.652031 180.475 0.589297 181.755 0.59148 183.035 0.5668 184.315 0.566377 185.595 0.558958 186.875 0.594303 188.155 0.629328 189.435 0.563856 190.715 0.637713 191.995 0.575277 193.275 0.520536 194.555
